R = 
[0.9972105694535208, 0.05343827902601105, 0.05210979279293804;
 -0.05352196469305708, 0.9985666501800164, 0.0002108166403472732;
 -0.0520238355523687, -0.002999247071997145, 0.9986413395465967]
t = 
[-1543.133853178324;
 69.02908312995454;
 188.4647224268799]
E = 
[6.495844550534724, -188.4016218263762, 68.89556454496517;
 107.6592713601664, 5.442990732762569, 1550.858115872146;
 13.75502430959499, -1544.610797952869, -3.922409513121623]
F = 
[-2.066083625695814e-08, 5.496652890681975e-07, -0.002144537331995122;
 -3.141071985188239e-07, -1.4566843393048e-08, -0.04107802991766638;
 -0.0003104156398421137, 0.04107318012094741, 1]
reprojection error = 
0.259245
