R = 
[0.9984728435607703, -0.02529896728151198, 0.04911153557117174;
 0.02539554923763972, 0.9996765782461323, -0.00134349731042954;
 -0.04906166273770281, 0.002588659999594643, 0.9987923968917757]
t = 
[-1445.622323853299;
 1.717998317218107;
 1198.6592165257]
E = 
[-30.52489700645236, -1198.267096746079, 3.326319090634168;
 1125.904041485756, -26.58261561628638, 1502.744580591811;
 -38.427747569473, -1445.111314562671, 1.857816168526539]
F = 
[-1.194347884111303e-07, -4.304013305303756e-06, 0.001393663297074128;
 4.046087715380716e-06, -8.769502592937359e-08, 0.04467232071942115;
 -0.002463119766362547, -0.04471428258211486, 1]
reprojection error = 
0.339314
