R = 
[0.9993306052440141, -0.0232072089926814, 0.02828014981223611;
 0.02320966517505291, 0.9997305902834651, 0.0002414413726202569;
 -0.02827813404548551, 0.000415093055210777, 0.9996000074192982]
t = 
[-1467.042051575832;
 -10.72016790573092;
 1434.731438519038]
E = 
[-32.9964899591205, -1434.349357796131, -11.06228344596223;
 1392.285825033019, -32.68715337477044, 1507.029665661267;
 -23.33656293324622, -1466.895601369597, -0.05103669223771057]
F = 
[-1.66919571570465e-07, -6.738998572136059e-06, 0.001507473623919758;
 6.530161002974921e-06, -1.423880333960199e-07, 0.06001701321926776;
 -0.002918150209361897, -0.0616080781676081, 1]
reprojection error = 
0.578589
