R = 
[0.9992429779368253, -0.015814838528511, 0.03554380292346924;
 0.01619619408069613, 0.9998140457483732, -0.01046695856351662;
 -0.03537166014263, 0.01103470917546422, 0.9993133046508323]
t = 
[-1360.672796406093;
 5.482302875368021;
 -193.513264078662]
E = 
[2.940260228100532, 193.5377750823019, 3.453042886878573;
 -241.4960259880359, 18.07500961583602, 1352.860231403573;
 -27.51587334205097, -1360.33307177979, 14.04724388551801]
F = 
[-3.350806049050898e-08, -2.009229489000309e-06, 0.0002292826361027364;
 2.547751547760179e-06, -1.737104321626313e-07, -0.1121410195708926;
 0.001543510111086289, 0.1112237170131908, 1]
reprojection error = 
0.477842
