R = 
[0.9977919288686531, 0.05313784469463032, 0.03984515209886894;
 -0.05312154664737914, 0.9985869742046626, -0.001468410898480617;
 -0.03986687806140546, -0.0006514675631253055, 0.9992047876304693]
t = 
[-1511.860914120476;
 67.95577335850089;
 -44.40963148998765]
E = 
[-5.068292840840158, 44.30260855306071, 67.83652250006777;
 -104.5847465737868, -3.344760446567191, 1508.889155099184;
 12.50666789666049, -1513.335638980688, -0.4876750821843587]
F = 
[1.660118258571565e-08, -1.331731626133648e-07, -0.001951825568253878;
 3.143176429986186e-07, 9.225194229261407e-09, -0.04061095543045955;
 -0.0004609860341690423, 0.04052008762530918, 1]
