R = 
[0.9995044918860846, 0.01387691624431248, 0.02825246706198067;
 -0.01377132218584322, 0.9998974528325748, -0.003928677154272585;
 -0.02830408777533147, 0.003537656636410267, 0.9995930990161593]
t = 
[-1477.503209661709;
 40.3157988722559;
 1036.424628220328]
E = 
[13.13183556655198, -1036.175722357022, 44.37117209304512;
 994.091690872984, 19.6092767943334, 1506.18356482309;
 -19.94864933592687, -1477.911154856969, 4.665612325446524]
F = 
[3.772931194898158e-08, -2.737844080883696e-06, 0.001869019239674924;
 2.631311154430339e-06, 4.773414957328782e-08, 0.03325483623397358;
 -0.001283018775530194, -0.03388616764385926, 1]
